DIFF_MIN=0.254902
DIFF_AVG=0.4848039
DIFF_MAX=0.5882353
NUM_DER=18
NUM_OUT=3
NUM_TP=2
