DIFF_MIN=0.254902
DIFF_AVG=0.4496732
DIFF_MAX=0.5882353
NUM_DER=24
NUM_OUT=1
NUM_TP=7
