DIFF_MIN=0.1882353
DIFF_AVG=0.624764
DIFF_MAX=0.9803922
NUM_DER=42
NUM_OUT=12
NUM_TP=4
