DIFF_MIN=0.2196078
DIFF_AVG=0.5744553
DIFF_MAX=0.8235294
NUM_DER=7
NUM_OUT=30
NUM_TP=4
