DIFF_MIN=0.254902
DIFF_AVG=0.4637255
DIFF_MAX=0.5882353
NUM_DER=29
NUM_OUT=3
NUM_TP=1
