DIFF_MIN=0.254902
DIFF_AVG=0.4656863
DIFF_MAX=0.627451
NUM_DER=34
NUM_OUT=0
NUM_TP=4
