DIFF_MIN=0.2196078
DIFF_AVG=0.5468721
DIFF_MAX=0.7960784
NUM_DER=10
NUM_OUT=34
NUM_TP=3
