DIFF_MIN=0.254902
DIFF_AVG=0.4566993
DIFF_MAX=0.5882353
NUM_DER=32
NUM_OUT=4
NUM_TP=3
