DIFF_MIN=0.254902
DIFF_AVG=0.4779412
DIFF_MAX=0.627451
NUM_DER=18
NUM_OUT=5
NUM_TP=3
