DIFF_MIN=0.1764706
DIFF_AVG=0.7914488
DIFF_MAX=0.9960784
NUM_DER=25
NUM_OUT=13
NUM_TP=6
