DIFF_MIN=0.254902
DIFF_AVG=0.4890196
DIFF_MAX=0.5882353
NUM_DER=23
NUM_OUT=1
NUM_TP=5
