DIFF_MIN=0.254902
DIFF_AVG=0.5330883
DIFF_MAX=0.627451
NUM_DER=19
NUM_OUT=7
NUM_TP=3
